1024
2
10
11
19
25
33
35
39
46
48
54
59
65
73
79
84
91
92
100
102
111
120
127
134
143
152
161
166
168
170
176
177
178
182
188
192
194
202
207
215
222
223
224
227
233
238
244
247
250
254
257
259
261
270
279
280
286
292
297
302
309
310
316
323
326
335
343
347
352
355
356
357
358
359
362
369
372
378
385
391
399
406
413
422
428
432
439
442
451
453
460
467
476
477
479
481
489
490
494
497
498
500
503
505
514
518
524
527
534
535
543
546
554
557
566
568
575
581
583
589
594
601
602
607
614
617
621
624
625
630
634
642
648
652
659
665
670
673
679
682
684
688
691
700
704
707
708
709
717
720
725
729
736
739
745
747
750
757
762
765
768
776
785
791
793
799
801
806
815
820
827
835
841
850
857
858
867
872
873
881
886
889
898
900
906
909
913
921
930
938
947
949
953
961
967
970
974
981
988
989
992
994
1002
1010
1019
1022
1028
1036
1044
1049
1053
1054
1061
1062
1065
1066
1069
1073
1080
1083
1092
1098
1100
1103
1105
1112
1115
1118
1121
1129
1133
1136
1143
1152
1160
1164
1165
1170
1173
1179
1188
1192
1198
1202
1207
1213
1218
1223
1232
1234
1241
1249
1254
1261
1269
1275
1279
1288
1296
1300
1307
1316
1322
1324
1331
1334
1340
1347
1354
1360
1361
1365
1374
1380
1387
1389
1392
1401
1408
1417
1418
1420
1428
1431
1439
1443
1451
1454
1457
1462
1466
1473
1475
1476
1485
1493
1496
1499
1502
1509
1517
1520
1521
1528
1535
1540
1547
1554
1559
1563
1569
1572
1577
1579
1583
1587
1593
1602
1606
1612
1616
1623
1625
1629
1634
1642
1651
1656
1657
1660
1662
1670
1673
1682
1685
1692
1695
1704
1708
1713
1714
1722
1727
1733
1742
1750
1757
1760
1768
1769
1778
1787
1792
1793
1796
1804
1812
1815
1818
1824
1827
1830
1834
1837
1846
1850
1851
1853
1857
1859
1865
1867
1876
1885
1892
1901
1908
1910
1912
1917
1926
1934
1939
1944
1950
1955
1958
1960
1965
1968
1975
1982
1987
1995
2003
2006
2009
2017
2021
2025
2032
2040
2045
2052
2059
2060
2064
2068
2070
2073
2080
2082
2084
2093
2097
2104
2106
2110
2119
2126
2132
2136
2140
2149
2152
2154
2156
2161
2168
2171
2177
2182
2183
2184
2193
2198
2206
2209
2216
2217
2222
2226
2235
2239
2240
2243
2252
2254
2260
2266
2274
2283
2292
2293
2301
2303
2312
2321
2325
2332
2335
2344
2353
2354
2362
2368
2374
2380
2388
2391
2395
2396
2400
2403
2408
2412
2415
2417
2420
2428
2435
2437
2445
2451
2460
2464
2470
2478
2482
2491
2494
2498
2505
2507
2511
2514
2521
2528
2534
2537
2546
2547
2551
2552
2553
2559
2563
2567
2574
2581
2590
2594
2600
2607
2614
2619
2621
2624
2627
2630
2631
2637
2643
2648
2653
2660
2667
2668
2673
2676
2677
2679
2680
2682
2685
2687
2694
2698
2701
2703
2711
2713
2716
2718
2725
2733
2739
2745
2746
2753
2759
2767
2768
2777
2780
2783
2789
2796
2797
2805
2813
2815
2823
2831
2834
2835
2842
2850
2852
2861
2868
2876
2885
2886
2895
2899
2907
2913
2922
2928
2929
2934
2939
2940
2944
2949
2950
2957
2958
2960
2966
2974
2977
2981
2985
2988
2990
2992
2993
2994
3002
3010
3018
3023
3029
3037
3045
3047
3049
3054
3061
3063
3070
3079
3088
3096
3099
3106
3112
3115
3123
3132
3140
3148
3149
3151
3160
3169
3170
3179
3188
3197
3202
3210
3212
3220
3224
3225
3234
3239
3242
3247
3251
3252
3256
3257
3265
3269
3276
3278
3284
3288
3289
3293
3302
3310
3314
3322
3329
3333
3339
3344
3347
3355
3356
3359
3366
3370
3373
3377
3383
3386
3394
3401
3404
3405
3410
3412
3416
3425
3426
3434
3437
3439
3448
3451
3458
3461
3469
3474
3481
3485
3494
3501
3504
3511
3520
3529
3530
3539
3542
3546
3549
3558
3559
3562
3571
3574
3576
3577
3579
3582
3590
3593
3597
3605
3608
3609
3617
3618
3621
3624
3629
3638
3639
3646
3652
3659
3663
3667
3672
3676
3683
3688
3691
3696
3703
3712
3719
3728
3729
3738
3740
3746
3748
3751
3753
3757
3758
3759
3761
3765
3768
3774
3775
3776
3777
3784
3790
3792
3800
3801
3807
3813
3818
3824
3825
3827
3831
3837
3845
3847
3850
3859
3866
3870
3872
3881
3886
3887
3894
3900
3904
3911
3912
3914
3922
3923
3929
3933
3936
3941
3943
3949
3950
3954
3963
3971
3976
3979
3981
3985
3989
3993
3994
4003
4010
4011
4019
4028
4029
4034
4040
4042
4044
4050
4053
4060
4064
4073
4081
4085
4089
4096
4103
4105
4106
4113
4120
4126
4133
4142
4149
4158
4161
4168
4176
4184
4189
4193
4200
4205
4211
4212
4218
4223
4227
4236
4237
4245
4251
4259
4261
4270
4276
4285
4293
4297
4301
4306
4315
4323
4327
4331
4338
4345
4354
4357
4362
4366
4372
4381
4390
4399
4400
4403
4408
4412
4414
4419
4421
4428
4429
4431
4435
4439
4447
4449
4457
4466
4473
4478
4485
4493
4500
4505
4510
4516
4521
4528
4535
4544
4551
4555
4563
4568
4575
4576
4584
4592
4595
4603
4607
4611
4618
4623
4628
4633
4640
4641
4645
4647
4653
4654
4663
4664
4667
4670
4676
4684
4691
4692
4699
4701
4706
4709
4715
4717
4721
4724
4731
4737
4738
4746
4753
4760
4764
4765
4774
4782
4783
4784
4793
4797
4798
4804
4808
4810
4816
4823
4830
4834
4842
4844
4849
4852
4856
4865
4869
4874
4876
4884
4893
4895
4902
4908
4914
4915
4919
4922
4930
4935
4938
4943
4949
4952
4960
4961
4963
4968
4975
4983
4989
4992
5001
5009
5014
5016
5023
5029
5035
5043
5048
5053
5060
5069
5078
5079
5088
5091
5094
5099
5104
5109
5116
5118
5124
5127
5136
5143
5150
5156
5160
