512
2
10
11
19
25
33
35
39
46
48
54
59
65
73
79
84
91
92
100
102
111
120
127
134
143
152
161
166
168
170
176
177
178
182
188
192
194
202
207
215
222
223
224
227
233
238
244
247
250
254
257
259
261
270
279
280
286
292
297
302
309
310
316
323
326
335
343
347
352
355
356
357
358
359
362
369
372
378
385
391
399
406
413
422
428
432
439
442
451
453
460
467
476
477
479
481
489
490
494
497
498
500
503
505
514
518
524
527
534
535
543
546
554
557
566
568
575
581
583
589
594
601
602
607
614
617
621
624
625
630
634
642
648
652
659
665
670
673
679
682
684
688
691
700
704
707
708
709
717
720
725
729
736
739
745
747
750
757
762
765
768
776
785
791
793
799
801
806
815
820
827
835
841
850
857
858
867
872
873
881
886
889
898
900
906
909
913
921
930
938
947
949
953
961
967
970
974
981
988
989
992
994
1002
1010
1019
1022
1028
1036
1044
1049
1053
1054
1061
1062
1065
1066
1069
1073
1080
1083
1092
1098
1100
1103
1105
1112
1115
1118
1121
1129
1133
1136
1143
1152
1160
1164
1165
1170
1173
1179
1188
1192
1198
1202
1207
1213
1218
1223
1232
1234
1241
1249
1254
1261
1269
1275
1279
1288
1296
1300
1307
1316
1322
1324
1331
1334
1340
1347
1354
1360
1361
1365
1374
1380
1387
1389
1392
1401
1408
1417
1418
1420
1428
1431
1439
1443
1451
1454
1457
1462
1466
1473
1475
1476
1485
1493
1496
1499
1502
1509
1517
1520
1521
1528
1535
1540
1547
1554
1559
1563
1569
1572
1577
1579
1583
1587
1593
1602
1606
1612
1616
1623
1625
1629
1634
1642
1651
1656
1657
1660
1662
1670
1673
1682
1685
1692
1695
1704
1708
1713
1714
1722
1727
1733
1742
1750
1757
1760
1768
1769
1778
1787
1792
1793
1796
1804
1812
1815
1818
1824
1827
1830
1834
1837
1846
1850
1851
1853
1857
1859
1865
1867
1876
1885
1892
1901
1908
1910
1912
1917
1926
1934
1939
1944
1950
1955
1958
1960
1965
1968
1975
1982
1987
1995
2003
2006
2009
2017
2021
2025
2032
2040
2045
2052
2059
2060
2064
2068
2070
2073
2080
2082
2084
2093
2097
2104
2106
2110
2119
2126
2132
2136
2140
2149
2152
2154
2156
2161
2168
2171
2177
2182
2183
2184
2193
2198
2206
2209
2216
2217
2222
2226
2235
2239
2240
2243
2252
2254
2260
2266
2274
2283
2292
2293
2301
2303
2312
2321
2325
2332
2335
2344
2353
2354
2362
2368
2374
2380
2388
2391
2395
2396
2400
2403
2408
2412
2415
2417
2420
2428
2435
2437
2445
2451
2460
2464
2470
2478
2482
2491
2494
2498
2505
2507
2511
2514
2521
2528
2534
2537
2546
2547
2551
2552
2553
2559
2563
2567
2574
2581
2590
