2048
2
10
11
19
25
33
35
39
46
48
54
59
65
73
79
84
91
92
100
102
111
120
127
134
143
152
161
166
168
170
176
177
178
182
188
192
194
202
207
215
222
223
224
227
233
238
244
247
250
254
257
259
261
270
279
280
286
292
297
302
309
310
316
323
326
335
343
347
352
355
356
357
358
359
362
369
372
378
385
391
399
406
413
422
428
432
439
442
451
453
460
467
476
477
479
481
489
490
494
497
498
500
503
505
514
518
524
527
534
535
543
546
554
557
566
568
575
581
583
589
594
601
602
607
614
617
621
624
625
630
634
642
648
652
659
665
670
673
679
682
684
688
691
700
704
707
708
709
717
720
725
729
736
739
745
747
750
757
762
765
768
776
785
791
793
799
801
806
815
820
827
835
841
850
857
858
867
872
873
881
886
889
898
900
906
909
913
921
930
938
947
949
953
961
967
970
974
981
988
989
992
994
1002
1010
1019
1022
1028
1036
1044
1049
1053
1054
1061
1062
1065
1066
1069
1073
1080
1083
1092
1098
1100
1103
1105
1112
1115
1118
1121
1129
1133
1136
1143
1152
1160
1164
1165
1170
1173
1179
1188
1192
1198
1202
1207
1213
1218
1223
1232
1234
1241
1249
1254
1261
1269
1275
1279
1288
1296
1300
1307
1316
1322
1324
1331
1334
1340
1347
1354
1360
1361
1365
1374
1380
1387
1389
1392
1401
1408
1417
1418
1420
1428
1431
1439
1443
1451
1454
1457
1462
1466
1473
1475
1476
1485
1493
1496
1499
1502
1509
1517
1520
1521
1528
1535
1540
1547
1554
1559
1563
1569
1572
1577
1579
1583
1587
1593
1602
1606
1612
1616
1623
1625
1629
1634
1642
1651
1656
1657
1660
1662
1670
1673
1682
1685
1692
1695
1704
1708
1713
1714
1722
1727
1733
1742
1750
1757
1760
1768
1769
1778
1787
1792
1793
1796
1804
1812
1815
1818
1824
1827
1830
1834
1837
1846
1850
1851
1853
1857
1859
1865
1867
1876
1885
1892
1901
1908
1910
1912
1917
1926
1934
1939
1944
1950
1955
1958
1960
1965
1968
1975
1982
1987
1995
2003
2006
2009
2017
2021
2025
2032
2040
2045
2052
2059
2060
2064
2068
2070
2073
2080
2082
2084
2093
2097
2104
2106
2110
2119
2126
2132
2136
2140
2149
2152
2154
2156
2161
2168
2171
2177
2182
2183
2184
2193
2198
2206
2209
2216
2217
2222
2226
2235
2239
2240
2243
2252
2254
2260
2266
2274
2283
2292
2293
2301
2303
2312
2321
2325
2332
2335
2344
2353
2354
2362
2368
2374
2380
2388
2391
2395
2396
2400
2403
2408
2412
2415
2417
2420
2428
2435
2437
2445
2451
2460
2464
2470
2478
2482
2491
2494
2498
2505
2507
2511
2514
2521
2528
2534
2537
2546
2547
2551
2552
2553
2559
2563
2567
2574
2581
2590
2594
2600
2607
2614
2619
2621
2624
2627
2630
2631
2637
2643
2648
2653
2660
2667
2668
2673
2676
2677
2679
2680
2682
2685
2687
2694
2698
2701
2703
2711
2713
2716
2718
2725
2733
2739
2745
2746
2753
2759
2767
2768
2777
2780
2783
2789
2796
2797
2805
2813
2815
2823
2831
2834
2835
2842
2850
2852
2861
2868
2876
2885
2886
2895
2899
2907
2913
2922
2928
2929
2934
2939
2940
2944
2949
2950
2957
2958
2960
2966
2974
2977
2981
2985
2988
2990
2992
2993
2994
3002
3010
3018
3023
3029
3037
3045
3047
3049
3054
3061
3063
3070
3079
3088
3096
3099
3106
3112
3115
3123
3132
3140
3148
3149
3151
3160
3169
3170
3179
3188
3197
3202
3210
3212
3220
3224
3225
3234
3239
3242
3247
3251
3252
3256
3257
3265
3269
3276
3278
3284
3288
3289
3293
3302
3310
3314
3322
3329
3333
3339
3344
3347
3355
3356
3359
3366
3370
3373
3377
3383
3386
3394
3401
3404
3405
3410
3412
3416
3425
3426
3434
3437
3439
3448
3451
3458
3461
3469
3474
3481
3485
3494
3501
3504
3511
3520
3529
3530
3539
3542
3546
3549
3558
3559
3562
3571
3574
3576
3577
3579
3582
3590
3593
3597
3605
3608
3609
3617
3618
3621
3624
3629
3638
3639
3646
3652
3659
3663
3667
3672
3676
3683
3688
3691
3696
3703
3712
3719
3728
3729
3738
3740
3746
3748
3751
3753
3757
3758
3759
3761
3765
3768
3774
3775
3776
3777
3784
3790
3792
3800
3801
3807
3813
3818
3824
3825
3827
3831
3837
3845
3847
3850
3859
3866
3870
3872
3881
3886
3887
3894
3900
3904
3911
3912
3914
3922
3923
3929
3933
3936
3941
3943
3949
3950
3954
3963
3971
3976
3979
3981
3985
3989
3993
3994
4003
4010
4011
4019
4028
4029
4034
4040
4042
4044
4050
4053
4060
4064
4073
4081
4085
4089
4096
4103
4105
4106
4113
4120
4126
4133
4142
4149
4158
4161
4168
4176
4184
4189
4193
4200
4205
4211
4212
4218
4223
4227
4236
4237
4245
4251
4259
4261
4270
4276
4285
4293
4297
4301
4306
4315
4323
4327
4331
4338
4345
4354
4357
4362
4366
4372
4381
4390
4399
4400
4403
4408
4412
4414
4419
4421
4428
4429
4431
4435
4439
4447
4449
4457
4466
4473
4478
4485
4493
4500
4505
4510
4516
4521
4528
4535
4544
4551
4555
4563
4568
4575
4576
4584
4592
4595
4603
4607
4611
4618
4623
4628
4633
4640
4641
4645
4647
4653
4654
4663
4664
4667
4670
4676
4684
4691
4692
4699
4701
4706
4709
4715
4717
4721
4724
4731
4737
4738
4746
4753
4760
4764
4765
4774
4782
4783
4784
4793
4797
4798
4804
4808
4810
4816
4823
4830
4834
4842
4844
4849
4852
4856
4865
4869
4874
4876
4884
4893
4895
4902
4908
4914
4915
4919
4922
4930
4935
4938
4943
4949
4952
4960
4961
4963
4968
4975
4983
4989
4992
5001
5009
5014
5016
5023
5029
5035
5043
5048
5053
5060
5069
5078
5079
5088
5091
5094
5099
5104
5109
5116
5118
5124
5127
5136
5143
5150
5156
5160
5161
5168
5169
5178
5180
5182
5188
5194
5200
5203
5211
5212
5221
5228
5237
5245
5251
5252
5253
5261
5266
5272
5277
5283
5292
5297
5300
5306
5309
5316
5323
5324
5328
5336
5345
5348
5355
5359
5367
5370
5376
5382
5384
5387
5390
5398
5399
5405
5413
5422
5426
5430
5433
5439
5446
5448
5450
5451
5456
5458
5465
5468
5477
5485
5493
5502
5503
5508
5509
5518
5524
5530
5533
5540
5546
5552
5557
5562
5571
5573
5577
5579
5584
5588
5593
5602
5607
5611
5618
5627
5630
5632
5634
5637
5646
5653
5655
5663
5666
5668
5675
5681
5686
5693
5696
5704
5705
5710
5713
5714
5720
5724
5726
5734
5741
5745
5751
5760
5768
5771
5780
5781
5784
5792
5795
5804
5810
5812
5819
5825
5828
5830
5832
5837
5846
5848
5852
5861
5865
5869
5876
5877
5883
5889
5895
5896
5897
5899
5900
5908
5911
5918
5924
5929
5934
5943
5945
5953
5954
5963
5967
5969
5977
5980
5986
5991
5993
6002
6007
6013
6015
6024
6028
6035
6041
6050
6057
6063
6065
6072
6074
6078
6082
6089
6095
6102
6106
6113
6118
6123
6127
6134
6138
6141
6148
6157
6162
6171
6178
6187
6190
6198
6205
6211
6214
6217
6220
6229
6235
6239
6244
6249
6254
6260
6262
6263
6264
6268
6274
6278
6284
6293
6294
6303
6312
6319
6327
6332
6336
6339
6341
6345
6353
6361
6370
6371
6379
6382
6390
6394
6398
6401
6409
6418
6424
6432
6439
6444
6453
6456
6464
6469
6470
6478
6482
6491
6494
6503
6505
6510
6513
6515
6523
6524
6533
6539
6541
6547
6553
6560
6567
6576
6583
6587
6593
6596
6598
6602
6609
6617
6623
6628
6631
6637
6638
6644
6648
6650
6653
6658
6664
6669
6675
6679
6683
6687
6694
6697
6706
6709
6718
6722
6725
6731
6738
6744
6750
6756
6765
6767
6771
6777
6783
6789
6798
6803
6812
6815
6821
6824
6830
6832
6837
6846
6849
6857
6858
6859
6867
6874
6875
6882
6884
6887
6888
6896
6903
6910
6915
6921
6929
6937
6946
6948
6951
6960
6964
6966
6975
6984
6986
6989
6997
7004
7007
7009
7012
7015
7024
7026
7027
7036
7042
7044
7045
7050
7059
7066
7068
7070
7073
7080
7081
7082
7088
7091
7100
7101
7103
7109
7118
7120
7129
7137
7145
7147
7154
7162
7164
7170
7177
7179
7182
7184
7185
7188
7194
7202
7211
7216
7225
7226
7228
7237
7238
7245
7254
7261
7268
7277
7280
7287
7288
7297
7300
7306
7314
7323
7327
7328
7331
7340
7349
7354
7355
7363
7369
7373
7379
7384
7392
7397
7400
7409
7412
7413
7417
7426
7431
7440
7448
7454
7458
7466
7471
7477
7481
7485
7488
7494
7496
7501
7504
7505
7512
7513
7521
7524
7528
7530
7536
7538
7545
7551
7559
7566
7573
7582
7588
7590
7598
7603
7610
7612
7613
7614
7619
7624
7628
7635
7643
7648
7657
7658
7661
7668
7669
7678
7687
7691
7692
7695
7698
7703
7712
7720
7722
7728
7733
7739
7744
7748
7749
7750
7753
7754
7755
7763
7766
7768
7773
7774
7778
7781
7782
7788
7797
7805
7808
7814
7823
7825
7832
7834
7840
7846
7853
7859
7868
7871
7873
7877
7881
7883
7885
7889
7898
7900
7902
7903
7904
7909
7910
7914
7921
7930
7938
7942
7947
7948
7955
7960
7962
7966
7972
7978
7987
7989
7991
7997
7999
8000
8008
8011
8020
8029
8035
8043
8052
8060
8068
8077
8078
8085
8089
8094
8098
8100
8108
8116
8125
8128
8131
8133
8140
8147
8152
8156
8162
8166
8167
8174
8178
8186
8195
8198
8203
8206
8214
8218
8226
8233
8237
8245
8247
8254
8257
8260
8268
8276
8277
8284
8293
8295
8301
8305
8311
8319
8326
8328
8330
8335
8343
8348
8349
8354
8361
8367
8372
8378
8387
8391
8392
8395
8397
8406
8413
8416
8418
8421
8429
8438
8446
8451
8452
8456
8464
8470
8471
8475
8480
8482
8490
8491
8496
8503
8508
8517
8520
8521
8524
8533
8535
8538
8539
8540
8549
8556
8559
8567
8568
8577
8585
8593
8597
8603
8612
8613
8614
8621
8625
8630
8639
8648
8654
8656
8662
8670
8671
8677
8683
8687
8693
8700
8704
8708
8716
8718
8726
8734
8743
8751
8756
8763
8767
8776
8780
8782
8791
8793
8799
8800
8806
8809
8818
8827
8831
8837
8845
8850
8852
8854
8860
8865
8874
8883
8891
8896
8897
8904
8907
8915
8918
8926
8931
8936
8941
8947
8951
8953
8960
8969
8971
8973
8976
8977
8978
8982
8986
8992
9000
9004
9012
9014
9022
9027
9036
9041
9050
9057
9066
9075
9080
9089
9094
9095
9099
9106
9110
9115
9123
9132
9135
9142
9150
9153
9159
9165
9171
9180
9183
9186
9189
9197
9201
9210
9213
9216
9220
9229
9230
9233
9239
9244
9246
9248
9251
9255
9263
9268
9274
9279
9283
9291
9293
9302
9303
9308
9313
9320
9325
9330
9337
9342
9345
9346
9350
9353
9357
9362
9371
9373
9380
9386
9392
9399
9406
9413
9421
9424
9426
9430
9437
9440
9441
9448
9450
9458
9460
9466
9471
9475
9477
9486
9493
9495
9496
9497
9502
9504
9510
9514
9517
9518
9525
9531
9536
9540
9543
9546
9551
9553
9558
9560
9564
9569
9575
9578
9581
9587
9596
9602
9609
9617
9622
9626
9633
9636
9641
9650
9654
9662
9664
9670
9678
9686
9689
9691
9692
9695
9699
9704
9709
9715
9719
9727
9735
9736
9738
9740
9744
9752
9757
9758
9762
9769
9772
9773
9774
9779
9787
9791
9794
9803
9811
9819
9826
9827
9834
9841
9844
9846
9848
9855
9860
9866
9870
9874
9878
9881
9884
9889
9890
9897
9900
9902
9904
9909
9918
9920
9929
9936
9940
9949
9955
9957
9963
9967
9969
9972
9980
9982
9984
9985
9992
9999
10003
10004
10012
10017
10020
10021
10030
10031
10038
10040
10049
10057
10062
10070
10078
10080
10086
10088
10097
10099
10102
10105
10108
10110
10113
10115
10118
10123
10132
10139
10148
10151
10158
10163
10170
10177
10182
10186
10191
10200
10205
10209
10214
10221
10224
10227
10236
10242
10244
10252
10259
10263
10264
10265
10268
10271
10280
10286
10291
10299
10300
10302
10303
10311
10317
10322
10325
10326
